1905H, 1905H0, 0, erozendaal, 17
219668, 219683, 219701, 219716, 219749, 219758, 219770, 219785, 219803, 219815, 219824, 219842, 219863, 219869, 219875, 219908, 219923, 
1905H, 1905H1, 1, erozendaal, 16
219680, 219686, 219707, 219719, 219752, 219764, 219782, 219791, 219809, 219818, 219827, 219860, 219866, 219872, 219896, 219914, 
1905B, 1905B0, 2, erozendaal, 18
219665, 219692, 219698, 219704, 219713, 219722, 219731, 219740, 219752, 219788, 219800, 219821, 219830, 219848, 219878, 219899, 219920, 219932, 
1905B, 1905B1, 3, erozendaal, 17
219683, 219695, 219701, 219707, 219716, 219725, 219734, 219743, 219785, 219791, 219803, 219824, 219833, 219857, 219887, 219908, 219926, 
1281A, 1281A0, 0, eluther, 24
221034, 221067, 221118, 221145, 221166, 221187, 221196, 221208, 221259, 221289, 221325, 221349, 221409, 221445, 221493, 221541, 221577, 221673, 221718, 221763, 221781, 221811, 221838, 221922, 
1281A, 1281A1, 1, eluther, 24
221037, 221073, 221121, 221151, 221175, 221190, 221202, 221226, 221271, 221310, 221337, 221370, 221433, 221487, 221529, 221550, 221637, 221694, 221748, 221775, 221784, 221814, 221847, 221928, 
1281A, 1281A2, 2, eluther, 23
221043, 221082, 221130, 221157, 221181, 221193, 221205, 221235, 221286, 221316, 221343, 221397, 221442, 221490, 221532, 221568, 221670, 221697, 221751, 221778, 221796, 221823, 221904, 
1281B, 1281B0, 3, eluther, 41
220060, 220087, 220102, 220114, 220132, 220162, 220177, 220198, 220204, 220210, 220234, 220246, 220264, 220297, 220318, 220327, 220354, 220366, 220387, 220393, 220423, 220429, 220462, 220468, 220519, 220552, 220573, 220600, 220633, 220663, 220675, 220690, 220702, 220717, 220771, 220777, 220846, 220879, 220891, 220906, 220933, 
1281B, 1281B1, 4, eluther, 40
220063, 220093, 220108, 220123, 220138, 220168, 220189, 220201, 220207, 220231, 220240, 220258, 220288, 220309, 220324, 220348, 220360, 220384, 220390, 220405, 220426, 220453, 220465, 220510, 220537, 220564, 220585, 220627, 220654, 220666, 220678, 220696, 220714, 220720, 220774, 220834, 220849, 220888, 220897, 220921, 
1281B, 1281B2, 5, eluther, 0

2743AP, 2743AP0, 2, jwinicki, 22
219671, 219686, 219698, 219710, 219722, 219731, 219746, 219755, 219767, 219779, 219794, 219806, 219815, 219830, 219839, 219851, 219863, 219875, 219890, 219899, 219914, 219923, 
2743AP, 2743AP1, 0, jwinicki, 23
219668, 219677, 219689, 219701, 219707, 219725, 219737, 219749, 219761, 219773, 219782, 219791, 219809, 219818, 219833, 219845, 219857, 219866, 219881, 219893, 219905, 219917, 219929, 
2743AP, 2743AP2, 3, jwinicki, 22
219674, 219683, 219695, 219713, 219716, 219734, 219743, 219758, 219770, 219785, 219797, 219803, 219821, 219824, 219842, 219854, 219869, 219878, 219887, 219902, 219908, 219926, 
2743AP, 2743AP3, 1, jwinicki, 23
219665, 219680, 219692, 219704, 219719, 219728, 219740, 219752, 219764, 219776, 219788, 219800, 219812, 219827, 219836, 219848, 219860, 219872, 219884, 219896, 219911, 219920, 219932, 
1164B, 1164B0, 2, abutterfield, 26
219323, 219341, 219362, 219380, 219413, 219431, 219458, 219494, 219509, 219524, 219548, 219578, 219593, 219620, 219635, 219647, 219665, 219680, 219713, 219755, 219776, 219800, 219848, 219872, 219911, 219926, 
1164B, 1164B1, 1, abutterfield, 26
219317, 219338, 219359, 219377, 219407, 219425, 219455, 219485, 219506, 219521, 219545, 219569, 219590, 219608, 219632, 219644, 219668, 219689, 219710, 219749, 219770, 219806, 219839, 219875, 219878, 219923, 
1164B, 1164B2, 0, abutterfield, 26
219311, 219335, 219350, 219374, 219404, 219419, 219452, 219482, 219503, 219518, 219542, 219566, 219587, 219602, 219626, 219641, 219656, 219674, 219716, 219743, 219758, 219809, 219833, 219857, 219902, 219908, 
1164B, 1164B3, 3, abutterfield, 26
219326, 219347, 219365, 219398, 219416, 219443, 219467, 219500, 219515, 219530, 219563, 219584, 219599, 219623, 219638, 219650, 219671, 219704, 219731, 219761, 219794, 219836, 219860, 219866, 219914, 219932, 
1164A, 1164A0, 4, abutterfield, 0

1164A, 1164A1, 5, abutterfield, 0

1164A, 1164A2, 6, abutterfield, 0

1164A, 1164A3, 7, abutterfield, 0

1905A, 1905A0, 4, erozendaal, 0

1905A, 1905A1, 5, erozendaal, 0

1905A, 1905A2, 6, erozendaal, 0

1905A, 1905A3, 7, erozendaal, 0

0397HND, 0397HND0, 1, cbartlo, 13
219674, 219707, 219719, 219728, 219758, 219764, 219770, 219827, 219845, 219869, 219884, 219902, 219917, 
0397HND, 0397HND1, 2, cbartlo, 13
219731, 219734, 219746, 219755, 219761, 219785, 219821, 219830, 219851, 219893, 219899, 219905, 219929, 
0397HNC, 0397HNC0, 3, cbartlo, 19
220687, 220708, 220726, 220744, 220765, 220780, 220792, 220822, 220864, 220894, 220912, 219686, 219704, 219719, 219788, 219812, 219839, 219854, 219896, 
0397HNC, 0397HNC1, 0, cbartlo, 19
220669, 220702, 220720, 220738, 220759, 220777, 220789, 220807, 220843, 220888, 220903, 220933, 219743, 219773, 219794, 219824, 219842, 219851, 219887, 
0397HNC, 0397HNC2, 4, cbartlo, 19
220696, 220717, 220732, 220750, 220771, 220786, 220804, 220825, 220870, 220897, 220915, 219695, 219710, 219728, 219797, 219830, 219848, 219884, 219911, 
1723B, 1723B0, 2, mduchow, 18
219317, 219344, 219389, 219422, 219470, 219488, 219515, 219530, 219542, 219569, 219611, 219617, 219632, 219716, 219728, 219824, 219845, 219857, 
1723B, 1723B1, 3, mduchow, 20
219323, 219350, 219404, 219428, 219458, 219491, 219494, 219524, 219548, 219575, 219593, 219620, 219668, 219680, 219740, 219815, 219848, 219881, 219893, 219911, 
1723B, 1723B2, 0, mduchow, 19
219314, 219329, 219365, 219416, 219449, 219479, 219503, 219521, 219536, 219563, 219608, 219614, 219626, 219683, 219725, 219803, 219827, 219854, 219902, 
1205B, 1205B0, 0, amumford, 26
220039, 220054, 220075, 220126, 220153, 220180, 220219, 220255, 220282, 220303, 220345, 220381, 220420, 220492, 220528, 220543, 220609, 220642, 220672, 220699, 220762, 220795, 220804, 220858, 220864, 220900, 
1205B, 1205B1, 3, amumford, 26
220045, 220066, 220084, 220129, 220165, 220192, 220243, 220261, 220294, 220306, 220351, 220396, 220456, 220504, 220531, 220570, 220630, 220645, 220693, 220711, 220738, 220789, 220810, 220843, 220873, 220909, 
1205B, 1205B2, 4, amumford, 25
220048, 220072, 220099, 220150, 220171, 220216, 220249, 220273, 220300, 220333, 220363, 220414, 220480, 220522, 220540, 220576, 220639, 220660, 220687, 220729, 220765, 220807, 220831, 220861, 220894, 
1731U, 1731U0, 1, mduchow, 23
219308, 219335, 219347, 219368, 219419, 219443, 219467, 219482, 219518, 219557, 219581, 219629, 219647, 219659, 219695, 219698, 219701, 219722, 219737, 219755, 219830, 219887, 219899, 
1731U, 1731U1, 4, mduchow, 27
219320, 219338, 219359, 219380, 219407, 219446, 219473, 219497, 219533, 219560, 219599, 219638, 219644, 219662, 219686, 219710, 219713, 219719, 219746, 219752, 219764, 219788, 219812, 219836, 219872, 219920, 219932, 
1731U, 1731U2, 7, mduchow, 28
219332, 219341, 219362, 219395, 219437, 219455, 219476, 219506, 219551, 219572, 219602, 219641, 219653, 219665, 219674, 219689, 219707, 219734, 219743, 219749, 219782, 219806, 219809, 219839, 219866, 219869, 219917, 219923, 
1201A, 1201A0, 0, jcoleman, 30
221046, 221055, 221091, 221139, 221154, 221172, 221247, 221256, 221292, 221331, 221373, 221394, 221436, 221466, 221496, 221544, 221556, 221595, 221610, 221628, 221652, 221661, 221688, 221736, 221757, 221808, 221835, 221868, 221901, 221916, 
1201A, 1201A1, 1, jcoleman, 29
221049, 221061, 221100, 221142, 221160, 221232, 221250, 221268, 221301, 221340, 221385, 221415, 221460, 221475, 221517, 221547, 221562, 221598, 221613, 221631, 221655, 221679, 221691, 221739, 221787, 221820, 221844, 221880, 221910, 
1201A, 1201A2, 2, jcoleman, 29
221052, 221064, 221109, 221148, 221163, 221244, 221253, 221274, 221313, 221358, 221388, 221418, 221463, 221481, 221535, 221553, 221592, 221604, 221616, 221643, 221658, 221685, 221730, 221742, 221790, 221832, 221859, 221892, 221913, 
1012AP, 1012AP0, 1, kanderson, 15
219677, 219713, 219725, 219734, 219746, 219767, 219779, 219794, 219803, 219821, 219833, 219854, 219881, 219893, 219926, 
1012AP, 1012AP1, 3, kanderson, 15
219689, 219698, 219722, 219737, 219752, 219764, 219782, 219806, 219818, 219830, 219851, 219872, 219884, 219905, 219920, 
1012AP, 1012AP2, 2, kanderson, 16
219665, 219692, 219710, 219728, 219749, 219755, 219776, 219800, 219809, 219827, 219845, 219863, 219875, 219899, 219917, 219923, 
1012AP, 1012AP3, 0, kanderson, 16
219671, 219683, 219716, 219731, 219743, 219761, 219773, 219785, 219797, 219815, 219824, 219842, 219857, 219890, 219908, 219929, 
1205A, 1205A0, 1, amumford, 23
221040, 221079, 221097, 221115, 221136, 221199, 221220, 221241, 221280, 221322, 221355, 221400, 221427, 221472, 221511, 221601, 221625, 221676, 221724, 221766, 221826, 221877, 221895, 
1205A, 1205A1, 2, amumford, 23
221058, 221085, 221103, 221124, 221169, 221211, 221223, 221262, 221283, 221334, 221361, 221403, 221430, 221484, 221538, 221607, 221640, 221706, 221745, 221769, 221829, 221883, 221919, 
1205A, 1205A2, 5, amumford, 23
221070, 221088, 221106, 221127, 221178, 221214, 221229, 221265, 221295, 221346, 221379, 221406, 221448, 221499, 221559, 221619, 221649, 221715, 221754, 221772, 221841, 221886, 221925, 
1205A, 1205A3, 6, amumford, 22
221076, 221094, 221112, 221133, 221184, 221217, 221238, 221277, 221298, 221352, 221382, 221412, 221454, 221505, 221571, 221622, 221667, 221721, 221760, 221793, 221853, 221889, 
1205C, 1205C0, 7, amumford, 29
219062, 219095, 219116, 219143, 219158, 219176, 219200, 219215, 219239, 219269, 219299, 219320, 219350, 219392, 219404, 219461, 219494, 219554, 219581, 219632, 219662, 219671, 219707, 219743, 219788, 219833, 219848, 219857, 219905, 
1205C, 1205C1, 1, lwalker, 30
219038, 219068, 219104, 219128, 219146, 219161, 219179, 219203, 219221, 219242, 219272, 219302, 219338, 219368, 219395, 219410, 219479, 219512, 219560, 219596, 219641, 219749, 219767, 219809, 219827, 219863, 219875, 219899, 219917, 219929, 
1205C, 1205C2, 3, lwalker, 30
219056, 219086, 219113, 219140, 219155, 219170, 219194, 219209, 219233, 219263, 219287, 219317, 219344, 219380, 219401, 219437, 219488, 219515, 219572, 219593, 219659, 219680, 219698, 219734, 219752, 219821, 219839, 219896, 219920, 219926, 
1205C, 1205C3, 2, lwalker, 29
219053, 219083, 219107, 219131, 219152, 219167, 219191, 219206, 219224, 219254, 219275, 219305, 219326, 219386, 219398, 219416, 219482, 219545, 219563, 219602, 219650, 219668, 219701, 219719, 219758, 219818, 219842, 219860, 219881, 
1113BP, 1113BP0, 3, jmiller, 23
220696, 220732, 220768, 220801, 220837, 220855, 220885, 220933, 219323, 219350, 219386, 219428, 219446, 219473, 219503, 219530, 219572, 219584, 219614, 219623, 219662, 219773, 219857, 
1113BP, 1113BP1, 1, jmiller, 24
220684, 220723, 220747, 220798, 220834, 220852, 220882, 220924, 219311, 219341, 219368, 219392, 219434, 219461, 219479, 219527, 219554, 219581, 219605, 219635, 219644, 219755, 219809, 219929, 
1113BP, 1113BP2, 2, jmiller, 23
220690, 220708, 220756, 220777, 220810, 220846, 220873, 220930, 219320, 219344, 219365, 219413, 219437, 219464, 219494, 219515, 219566, 219575, 219593, 219620, 219653, 219671, 219815, 
1113BP, 1113BP3, 0, jmiller, 24
220672, 220714, 220741, 220786, 220813, 220849, 220870, 220915, 219305, 219338, 219353, 219389, 219419, 219452, 219476, 219512, 219542, 219578, 219596, 219629, 219641, 219710, 219800, 219845, 
1113BP, 1113BP4, 4, jmiller, 24
220705, 220738, 220771, 220804, 220843, 220867, 220891, 219308, 219329, 219347, 219377, 219395, 219449, 219467, 219506, 219539, 219560, 219587, 219608, 219638, 219677, 219689, 219695, 219782, 
1162AB, 1162AB0, 3, mpearson, 23
220687, 220732, 220780, 220810, 220837, 220900, 220936, 219326, 219365, 219383, 219401, 219422, 219452, 219473, 219524, 219566, 219575, 219611, 219617, 219638, 219662, 219683, 219890, 
1162AB, 1162AB1, 1, mpearson, 24
220699, 220729, 220786, 220813, 220858, 220897, 220921, 219332, 219356, 219374, 219392, 219410, 219440, 219485, 219536, 219545, 219569, 219587, 219605, 219632, 219692, 219749, 219827, 219923, 
1162AB, 1162AB2, 2, mpearson, 24
220675, 220702, 220765, 220801, 220822, 220885, 220927, 219323, 219362, 219380, 219398, 219404, 219449, 219458, 219488, 219563, 219572, 219599, 219614, 219623, 219650, 219671, 219761, 219905, 
1162AB, 1162AB3, 0, mpearson, 24
220681, 220714, 220753, 220795, 220828, 220861, 220918, 219320, 219341, 219371, 219389, 219407, 219425, 219470, 219521, 219542, 219560, 219578, 219596, 219629, 219653, 219746, 219767, 219917, 
1162AB, 1162AB4, 4, mpearson, 28
220693, 220738, 220789, 220819, 220855, 220909, 219314, 219335, 219368, 219377, 219395, 219419, 219467, 219491, 219551, 219557, 219581, 219590, 219608, 219644, 219659, 219725, 219782, 219812, 219836, 219854, 219866, 219896, 
1201B, 1201B0, 4, jcoleman, 28
221307, 221376, 221451, 221508, 221565, 221589, 221700, 221733, 221850, 221874, 220051, 220090, 220120, 220156, 220195, 220237, 220279, 220336, 220378, 220417, 220474, 220513, 220594, 220681, 220783, 220819, 220870, 220927, 
1201B, 1201B1, 3, jcoleman, 28
221304, 221367, 221439, 221502, 221526, 221586, 221682, 221727, 221817, 221871, 220042, 220081, 220117, 220147, 220186, 220228, 220276, 220330, 220375, 220411, 220471, 220507, 220591, 220657, 220753, 220816, 220840, 220918, 
1201B, 1201B2, 6, jcoleman, 27
221328, 221421, 221469, 221520, 221580, 221646, 221709, 221802, 221862, 221907, 220069, 220105, 220141, 220174, 220222, 220267, 220291, 220342, 220402, 220441, 220489, 220567, 220615, 220744, 220786, 220825, 220882, 
1201B, 1201B3, 7, jcoleman, 27
221364, 221424, 221478, 221523, 221583, 221664, 221712, 221805, 221865, 221931, 220078, 220111, 220144, 220183, 220225, 220270, 220321, 220372, 220408, 220459, 220498, 220579, 220624, 220750, 220813, 220837, 220915, 
1201B, 1201B4, 5, jcoleman, 28
221319, 221391, 221457, 221514, 221574, 221634, 221703, 221799, 221856, 221898, 220057, 220096, 220135, 220159, 220213, 220252, 220285, 220339, 220399, 220438, 220477, 220546, 220603, 220732, 220792, 220822, 220876, 220936, 
1715AP, 1715AP0, 1, jnuss, 26
219041, 219056, 219074, 219092, 219110, 219131, 219149, 219167, 219185, 219200, 219218, 219236, 219254, 219275, 219290, 219326, 219383, 219401, 219464, 219539, 219578, 219650, 219761, 219797, 219851, 219905, 
1715AP, 1715AP1, 2, jnuss, 26
219038, 219059, 219077, 219095, 219113, 219128, 219146, 219161, 219179, 219203, 219221, 219239, 219257, 219272, 219293, 219311, 219374, 219425, 219440, 219512, 219584, 219596, 219677, 219791, 219884, 219908, 
1715AP, 1715AP2, 3, jnuss, 25
219044, 219062, 219080, 219098, 219116, 219134, 219155, 219170, 219188, 219209, 219227, 219242, 219260, 219278, 219296, 219353, 219392, 219434, 219461, 219527, 219587, 219656, 219770, 219833, 219896, 
1715AP, 1715AP3, 0, jnuss, 26
219035, 219053, 219071, 219089, 219107, 219125, 219143, 219164, 219182, 219197, 219215, 219233, 219251, 219269, 219287, 219305, 219371, 219398, 219452, 219509, 219566, 219623, 219671, 219773, 219842, 219890, 
1715AP, 1715AP4, 7, jnuss, 24
219050, 219068, 219086, 219104, 219122, 219140, 219158, 219176, 219194, 219212, 219230, 219248, 219263, 219284, 219302, 219377, 219386, 219431, 219500, 219554, 219605, 219692, 219776, 219860, 
1715AP, 1715AP5, 4, jnuss, 28
219047, 219065, 219083, 219101, 219119, 219137, 219152, 219173, 219191, 219206, 219224, 219245, 219266, 219281, 219299, 219356, 219410, 219413, 219485, 219545, 219590, 219635, 219767, 219779, 219800, 219863, 219875, 219929, 
1201C, 1201C0, 1, dperez, 26
220315, 220447, 220516, 220561, 220618, 220684, 220741, 220798, 220903, 219041, 219071, 219092, 219137, 219185, 219230, 219266, 219290, 219335, 219407, 219449, 219539, 219578, 219629, 219677, 219728, 219746, 
1201C, 1201C1, 3, dperez, 29
220369, 220483, 220534, 220588, 220636, 220708, 220756, 220801, 220885, 219047, 219077, 219110, 219149, 219212, 219245, 219278, 219323, 219362, 219434, 219491, 219530, 219599, 219665, 219686, 219704, 219776, 219872, 219878, 219884, 
1201C, 1201C2, 2, dperez, 29
220357, 220450, 220525, 220582, 220621, 220705, 220747, 220828, 220912, 219044, 219074, 219101, 219134, 219188, 219236, 219260, 219296, 219359, 219383, 219485, 219551, 219590, 219656, 219689, 219725, 219770, 219803, 219854, 219902, 
1201C, 1201C3, 0, dperez, 29
220312, 220444, 220501, 220558, 220612, 220669, 220735, 220780, 220867, 219035, 219065, 219098, 219125, 219182, 219227, 219257, 219293, 219329, 219389, 219446, 219524, 219584, 219620, 219683, 219785, 219815, 219824, 219890, 219908, 
1201C, 1201C4, 4, dperez, 29
220432, 220486, 220549, 220597, 220648, 220723, 220759, 220852, 220924, 219050, 219080, 219122, 219164, 219197, 219248, 219284, 219332, 219341, 219509, 219521, 219566, 219611, 219623, 219692, 219755, 219791, 219794, 219887, 219893, 
1201C, 1201C5, 7, dperez, 29
220435, 220495, 220555, 220606, 220651, 220726, 220768, 220855, 220930, 219059, 219089, 219119, 219173, 219218, 219251, 219281, 219314, 219374, 219419, 219506, 219569, 219614, 219674, 219695, 219713, 219779, 219851, 219866, 219914, 
1201D, 1201D0, 5, dperez, 0

1201D, 1201D1, 6, dperez, 0

0397A, 0397A0, 2, jgalbraith, 29
221040, 221064, 221097, 221142, 221163, 221205, 221235, 221274, 221313, 221361, 221388, 221430, 221481, 221535, 221583, 221622, 220042, 220084, 220162, 220210, 220264, 220306, 220351, 220396, 220447, 220498, 220552, 220603, 220645, 
0397A, 0397A1, 4, jgalbraith, 29
221052, 221076, 221106, 221154, 221184, 221217, 221253, 221289, 221343, 221373, 221412, 221454, 221490, 221553, 221604, 221640, 220057, 220090, 220168, 220228, 220273, 220309, 220363, 220405, 220453, 220513, 220564, 220597, 220648, 
0397A, 0397A2, 1, jgalbraith, 29
221037, 221067, 221094, 221133, 221178, 221202, 221241, 221271, 221331, 221355, 221409, 221436, 221475, 221529, 221577, 221619, 221661, 220078, 220150, 220204, 220258, 220288, 220342, 220393, 220438, 220495, 220543, 220594, 220639, 
0397A, 0397A3, 0, jgalbraith, 29
221034, 221061, 221091, 221118, 221166, 221196, 221238, 221268, 221322, 221349, 221394, 221433, 221469, 221523, 221574, 221610, 221655, 220075, 220123, 220201, 220255, 220282, 220339, 220381, 220432, 220492, 220540, 220585, 220636, 
0397A, 0397A4, 3, jgalbraith, 28
221046, 221073, 221103, 221148, 221181, 221214, 221247, 221286, 221334, 221370, 221403, 221445, 221487, 221544, 221592, 221628, 220054, 220105, 220183, 220225, 220270, 220327, 220366, 220420, 220459, 220504, 220561, 220612, 
0397A, 0397A5, 6, jgalbraith, 29
221049, 221085, 221121, 221151, 221190, 221220, 221262, 221301, 221337, 221382, 221415, 221460, 221514, 221547, 221598, 221637, 220066, 220111, 220189, 220237, 220279, 220333, 220378, 220417, 220474, 220534, 220579, 220621, 220666, 
0397A, 0397A6, 5, jgalbraith, 29
221055, 221082, 221109, 221157, 221193, 221223, 221259, 221292, 221346, 221376, 221421, 221457, 221508, 221571, 221607, 221643, 220060, 220093, 220171, 220231, 220276, 220330, 220375, 220414, 220471, 220528, 220576, 220615, 220654, 
0397A, 0397A7, 7, jgalbraith, 28
221058, 221088, 221124, 221160, 221199, 221229, 221265, 221307, 221352, 221385, 221424, 221463, 221520, 221562, 221601, 221649, 220069, 220117, 220195, 220249, 220285, 220336, 220387, 220426, 220480, 220537, 220582, 220633, 
0397A, 0397A8, 2, nnohner, 29
221043, 221070, 221100, 221145, 221169, 221211, 221244, 221280, 221316, 221367, 221397, 221439, 221484, 221541, 221586, 221625, 220045, 220096, 220174, 220213, 220267, 220318, 220354, 220402, 220456, 220501, 220555, 220606, 220651, 
2721, 27210, 3, mcampeau, 27
220045, 220084, 220114, 220153, 220183, 220210, 220246, 220282, 220315, 220351, 220375, 220411, 220447, 220471, 220516, 220546, 220573, 220612, 220636, 220684, 220708, 220753, 220777, 220810, 220840, 220876, 220906, 
2721, 27211, 4, mcampeau, 27
220057, 220090, 220129, 220150, 220189, 220222, 220258, 220288, 220321, 220348, 220384, 220417, 220453, 220486, 220513, 220549, 220588, 220618, 220651, 220678, 220717, 220732, 220771, 220816, 220852, 220882, 220909, 
2721, 27212, 0, mcampeau, 28
220039, 220072, 220108, 220138, 220171, 220207, 220237, 220267, 220303, 220336, 220372, 220402, 220435, 220474, 220498, 220537, 220567, 220603, 220639, 220666, 220699, 220735, 220762, 220795, 220828, 220861, 220897, 220927, 
2721, 27213, 2, mcampeau, 28
220042, 220081, 220105, 220147, 220177, 220204, 220243, 220276, 220306, 220345, 220369, 220396, 220444, 220468, 220507, 220534, 220570, 220600, 220633, 220675, 220702, 220744, 220768, 220801, 220837, 220864, 220900, 220936, 
2721, 27214, 7, mcampeau, 27
220069, 220102, 220126, 220168, 220201, 220234, 220270, 220300, 220333, 220366, 220405, 220432, 220465, 220504, 220531, 220564, 220597, 220630, 220663, 220696, 220729, 220759, 220789, 220831, 220858, 220894, 220933, 
2721, 27215, 1, mcampeau, 27
220051, 220078, 220120, 220144, 220180, 220216, 220249, 220279, 220312, 220342, 220381, 220414, 220441, 220480, 220510, 220543, 220579, 220609, 220648, 220672, 220714, 220747, 220783, 220807, 220849, 220870, 220915, 
2721, 27216, 5, mcampeau, 27
220063, 220096, 220135, 220162, 220195, 220228, 220264, 220294, 220327, 220360, 220393, 220426, 220459, 220495, 220525, 220561, 220594, 220624, 220657, 220693, 220726, 220765, 220798, 220822, 220873, 220891, 220924, 
2721, 27217, 6, mcampeau, 27
220066, 220099, 220123, 220165, 220198, 220231, 220255, 220297, 220330, 220363, 220399, 220429, 220462, 220492, 220528, 220558, 220585, 220627, 220660, 220681, 220720, 220738, 220786, 220825, 220843, 220888, 220918, 
2721, 27218, 3, bcovey, 27
220054, 220087, 220117, 220159, 220186, 220219, 220252, 220285, 220318, 220354, 220387, 220420, 220450, 220483, 220519, 220552, 220582, 220615, 220645, 220690, 220711, 220756, 220780, 220813, 220846, 220879, 220912, 
2721, 27219, 4, bcovey, 27
220060, 220093, 220132, 220156, 220192, 220225, 220261, 220291, 220324, 220357, 220390, 220423, 220456, 220489, 220522, 220555, 220591, 220621, 220654, 220687, 220723, 220750, 220792, 220819, 220855, 220885, 220921, 
2721, 2721:, 0, bcovey, 28
220048, 220075, 220111, 220141, 220174, 220213, 220240, 220273, 220309, 220339, 220378, 220408, 220438, 220477, 220501, 220540, 220576, 220606, 220642, 220669, 220705, 220741, 220774, 220804, 220834, 220867, 220903, 220930, 
1730A, 1730A0, 6, mduchow, 30
221055, 221082, 221106, 221145, 221175, 221205, 221229, 221259, 221292, 221319, 221346, 221376, 221406, 221445, 221475, 221499, 221535, 221559, 221595, 221619, 221649, 221685, 221715, 221745, 221772, 221799, 221835, 221865, 221886, 221925, 
1730A, 1730A1, 5, mduchow, 30
221049, 221079, 221115, 221139, 221169, 221199, 221232, 221262, 221289, 221322, 221352, 221385, 221412, 221439, 221469, 221502, 221529, 221562, 221589, 221622, 221652, 221679, 221709, 221739, 221769, 221802, 221829, 221859, 221892, 221919, 
1730A, 1730A2, 2, jminato, 30
221037, 221070, 221097, 221130, 221160, 221190, 221220, 221250, 221280, 221310, 221340, 221370, 221400, 221427, 221460, 221490, 221517, 221547, 221583, 221607, 221637, 221670, 221700, 221730, 221760, 221787, 221820, 221847, 221877, 221910, 
1730A, 1730A3, 1, jminato, 30
221043, 221064, 221103, 221124, 221157, 221181, 221217, 221244, 221274, 221307, 221334, 221367, 221397, 221430, 221457, 221484, 221520, 221553, 221580, 221604, 221640, 221667, 221697, 221727, 221757, 221790, 221817, 221850, 221883, 221904, 
1730A, 1730A4, 0, jminato, 30
221034, 221067, 221094, 221127, 221154, 221187, 221214, 221247, 221277, 221304, 221337, 221364, 221394, 221424, 221454, 221487, 221514, 221544, 221574, 221610, 221634, 221664, 221694, 221724, 221754, 221784, 221814, 221844, 221871, 221907, 
1730A, 1730A5, 6, jminato, 30
221058, 221088, 221109, 221148, 221178, 221208, 221241, 221265, 221295, 221331, 221358, 221379, 221418, 221448, 221478, 221508, 221538, 221568, 221601, 221628, 221658, 221688, 221718, 221748, 221778, 221808, 221838, 221868, 221898, 221928, 
1730A, 1730A6, 5, jminato, 30
221052, 221085, 221118, 221142, 221172, 221202, 221235, 221268, 221298, 221325, 221355, 221388, 221415, 221442, 221472, 221505, 221532, 221565, 221592, 221625, 221655, 221682, 221712, 221742, 221775, 221805, 221832, 221862, 221895, 221922, 
1730A, 1730A7, 3, jminato, 30
221040, 221073, 221100, 221136, 221163, 221193, 221223, 221253, 221283, 221313, 221343, 221373, 221403, 221433, 221463, 221493, 221523, 221550, 221577, 221613, 221643, 221673, 221703, 221733, 221763, 221796, 221823, 221856, 221880, 221913, 
1730A, 1730A8, 4, jminato, 30
221046, 221076, 221112, 221133, 221166, 221196, 221226, 221256, 221286, 221316, 221349, 221382, 221409, 221436, 221466, 221496, 221526, 221556, 221586, 221616, 221646, 221676, 221706, 221736, 221766, 221793, 221826, 221853, 221889, 221916, 
1730A, 1730A9, 7, jminato, 30
221061, 221091, 221121, 221151, 221184, 221211, 221238, 221271, 221301, 221328, 221361, 221391, 221421, 221451, 221481, 221511, 221541, 221571, 221598, 221631, 221661, 221691, 221721, 221751, 221781, 221811, 221841, 221874, 221901, 221931, 
0397HNB, 0397HNB0, 7, cbartlo, 0

0397HNB, 0397HNB1, 5, cbartlo, 0

0397HNB, 0397HNB2, 6, cbartlo, 0

11153, 111530, 2, mdouglass, 30
221313, 221388, 221460, 221541, 221637, 221718, 221772, 221832, 221910, 220081, 220147, 220219, 220267, 220396, 220468, 220570, 220657, 220747, 220777, 220900, 219044, 219107, 219179, 219254, 219293, 219374, 219398, 219512, 219563, 219614, 
11153, 111531, 4, mdouglass, 29
221316, 221412, 221490, 221589, 221640, 221706, 221799, 221853, 221916, 220093, 220156, 220222, 220300, 220414, 220510, 220555, 220654, 220705, 220834, 220921, 219065, 219101, 219191, 219266, 219320, 219407, 219449, 219509, 219596, 
11153, 111532, 3, mdouglass, 29
221340, 221415, 221472, 221577, 221664, 221724, 221787, 221859, 221925, 220102, 220162, 220243, 220342, 220420, 220501, 220600, 220669, 220756, 220846, 220918, 219059, 219128, 219215, 219269, 219311, 219386, 219458, 219530, 219578, 
11153, 111533, 0, mdouglass, 29
221304, 221373, 221433, 221487, 221610, 221673, 221748, 221814, 221895, 220063, 220132, 220195, 220240, 220393, 220462, 220540, 220609, 220717, 220807, 220888, 219035, 219119, 219173, 219227, 219287, 219338, 219467, 219503, 219560, 
11153, 111534, 1, mdouglass, 29
221352, 221394, 221454, 221556, 221634, 221712, 221757, 221838, 221901, 220072, 220141, 220207, 220291, 220408, 220483, 220573, 220642, 220723, 220825, 220897, 219056, 219143, 219200, 219248, 219308, 219368, 219491, 219521, 219638, 
11153, 111535, 7, mdouglass, 29
221367, 221442, 221538, 221622, 221700, 221742, 221817, 221889, 220051, 220117, 220186, 220279, 220387, 220450, 220516, 220591, 220696, 220768, 220879, 219038, 219080, 219158, 219239, 219296, 219356, 219440, 219494, 219557, 219650, 
11153, 111536, 6, mdouglass, 29
221343, 221439, 221517, 221619, 221682, 221733, 221796, 221880, 220042, 220114, 220183, 220276, 220357, 220447, 220507, 220588, 220684, 220765, 220855, 220909, 219077, 219134, 219230, 219278, 219326, 219431, 219488, 219545, 219611, 
11153, 111537, 5, mdouglass, 29
221385, 221430, 221514, 221604, 221694, 221739, 221808, 221877, 220048, 220135, 220174, 220237, 220324, 220474, 220537, 220606, 220681, 220783, 220867, 220927, 219089, 219152, 219221, 219284, 219335, 219413, 219485, 219539, 219644, 
11153, 111538, 2, apark, 30
221334, 221400, 221469, 221574, 221655, 221721, 221781, 221844, 221919, 220084, 220159, 220234, 220312, 220402, 220498, 220582, 220663, 220753, 220828, 220912, 219053, 219113, 219188, 219257, 219305, 219383, 219416, 219524, 219575, 219620, 
11153, 111539, 4, apark, 29
221379, 221427, 221496, 221595, 221685, 221730, 221805, 221874, 220039, 220099, 220171, 220231, 220321, 220465, 220522, 220597, 220660, 220774, 220849, 220924, 219074, 219146, 219206, 219275, 219329, 219410, 219482, 219533, 219632, 
11153, 11153:, 3, apark, 29
221364, 221418, 221478, 221580, 221667, 221727, 221790, 221868, 221928, 220105, 220165, 220264, 220372, 220441, 220504, 220603, 220675, 220762, 220858, 220930, 219071, 219131, 219218, 219272, 219323, 219392, 219470, 219536, 219593, 
11153, 11153;, 0, apark, 29
221328, 221391, 221451, 221523, 221628, 221709, 221754, 221835, 221898, 220069, 220138, 220201, 220273, 220399, 220471, 220549, 220639, 220720, 220819, 220891, 219050, 219137, 219185, 219233, 219302, 219353, 219479, 219506, 219626, 
11153, 11153<, 1, apark, 29
221355, 221406, 221466, 221559, 221646, 221715, 221763, 221841, 221907, 220090, 220153, 220216, 220294, 220411, 220495, 220579, 220648, 220729, 220831, 220906, 219062, 219149, 219212, 219251, 219314, 219371, 219497, 219527, 219641, 
11153, 11153=, 7, apark, 29
221370, 221448, 221550, 221631, 221703, 221745, 221820, 221892, 220057, 220129, 220192, 220288, 220390, 220456, 220531, 220630, 220711, 220816, 220882, 219041, 219086, 219167, 219245, 219299, 219362, 219443, 219500, 219572, 219662, 
1122CT, 1122CT0, 1, ncaldwell, 29
221055, 221139, 221184, 221247, 221292, 221364, 221481, 221565, 221652, 221718, 221778, 221856, 221922, 220099, 220189, 220297, 220405, 220501, 220633, 220753, 220936, 219083, 219164, 219209, 219269, 219422, 219488, 219548, 219614, 
1122CT, 1122CT1, 2, ncaldwell, 30
221067, 221115, 221175, 221241, 221298, 221385, 221433, 221556, 221613, 221712, 221766, 221841, 221928, 220108, 220198, 220315, 220408, 220516, 220654, 220792, 220858, 219056, 219149, 219212, 219287, 219392, 219479, 219554, 219659, 219833, 
1122CT, 1122CT2, 0, ncaldwell, 30
221034, 221127, 221163, 221214, 221283, 221349, 221463, 221526, 221628, 221700, 221769, 221823, 221913, 220081, 220165, 220261, 220375, 220462, 220615, 220702, 220876, 219059, 219140, 219188, 219260, 219350, 219446, 219524, 219584, 219656, 
1122CT, 1122CT3, 3, ncaldwell, 29
221079, 221133, 221202, 221259, 221304, 221409, 221475, 221571, 221664, 221724, 221784, 221865, 220039, 220120, 220207, 220327, 220432, 220576, 220669, 220798, 220906, 219098, 219182, 219242, 219308, 219407, 219506, 219581, 219764, 
1122CT, 1122CT4, 4, ncaldwell, 31
221082, 221124, 221181, 221244, 221310, 221397, 221484, 221553, 221640, 221733, 221790, 221847, 221910, 220144, 220234, 220342, 220450, 220570, 220663, 220822, 220924, 219095, 219128, 219221, 219296, 219383, 219485, 219569, 219650, 219734, 219884, 
1122CT, 1122CT5, 7, ncaldwell, 30
221109, 221166, 221232, 221280, 221331, 221448, 221529, 221601, 221694, 221754, 221832, 221901, 220078, 220171, 220279, 220390, 220492, 220624, 220759, 220882, 219065, 219146, 219197, 219275, 219320, 219455, 219512, 219635, 219746, 219863, 
1122CT, 1122CT6, 6, ncaldwell, 30
221091, 221154, 221226, 221274, 221322, 221424, 221517, 221595, 221688, 221736, 221826, 221895, 220072, 220141, 220240, 220312, 220438, 220609, 220681, 220861, 219050, 219119, 219179, 219257, 219293, 219425, 219482, 219596, 219653, 219827, 
1122CT, 1122CT7, 5, ncaldwell, 31
221103, 221151, 221193, 221262, 221352, 221418, 221508, 221589, 221676, 221751, 221802, 221877, 220057, 220159, 220246, 220351, 220465, 220594, 220687, 220840, 219044, 219116, 219161, 219248, 219344, 219437, 219533, 219590, 219692, 219779, 219920, 
1122CT, 1122CT8, 1, generic1, 29
221070, 221145, 221187, 221253, 221295, 221382, 221493, 221568, 221658, 221730, 221781, 221862, 221925, 220105, 220192, 220300, 220426, 220549, 220636, 220762, 219035, 219086, 219170, 219224, 219278, 219428, 219494, 219551, 219617, 
1122CT, 1122CT9, 2, generic1, 30
221073, 221121, 221196, 221256, 221301, 221394, 221466, 221559, 221631, 221715, 221775, 221850, 221931, 220117, 220201, 220324, 220429, 220573, 220666, 220795, 220903, 219089, 219173, 219230, 219299, 219395, 219500, 219560, 219707, 219869, 
1122CT, 1122CT:, 0, generic1, 30
221046, 221130, 221172, 221223, 221286, 221361, 221469, 221535, 221643, 221706, 221772, 221853, 221916, 220096, 220177, 220282, 220396, 220471, 220630, 220732, 220912, 219080, 219155, 219206, 219263, 219389, 219470, 219542, 219611, 219890, 
1122CT, 1122CT;, 3, generic1, 29
221088, 221136, 221208, 221265, 221319, 221415, 221496, 221580, 221673, 221727, 221793, 221871, 220051, 220132, 220222, 220330, 220435, 220579, 220678, 220819, 220915, 219104, 219194, 219245, 219332, 219410, 219518, 219587, 219812, 
1122CT, 1122CT<, 4, generic1, 31
221097, 221142, 221190, 221250, 221313, 221400, 221499, 221586, 221670, 221745, 221796, 221874, 220045, 220150, 220243, 220348, 220459, 220588, 220684, 220825, 219041, 219101, 219131, 219239, 219317, 219434, 219515, 219575, 219686, 219776, 219914, 
1122CT, 1122CT=, 7, generic1, 30
221112, 221169, 221238, 221289, 221337, 221451, 221532, 221625, 221697, 221757, 221838, 221907, 220090, 220180, 220291, 220399, 220525, 220642, 220774, 220897, 219074, 219158, 219203, 219281, 219335, 219476, 219521, 219647, 219767, 219929, 
1122CT, 1122CT>, 6, generic1, 30
221094, 221160, 221229, 221277, 221328, 221436, 221520, 221598, 221691, 221748, 221829, 221898, 220075, 220168, 220255, 220381, 220444, 220621, 220705, 220870, 219053, 219125, 219191, 219266, 219305, 219449, 219509, 219605, 219677, 219845, 
1122CT, 1122CT?, 5, generic1, 30
221106, 221157, 221211, 221271, 221358, 221427, 221511, 221592, 221685, 221760, 221820, 221904, 220066, 220162, 220258, 220360, 220480, 220597, 220690, 220846, 219047, 219122, 219167, 219254, 219359, 219440, 219539, 219593, 219728, 219839, 
1113AAF, 1113AAF0, 7, jmiller, 45
221058, 221091, 221124, 221187, 221226, 221274, 221301, 221331, 221445, 221463, 221523, 221541, 221631, 221688, 221721, 221811, 221865, 221901, 220069, 220129, 220180, 220225, 220348, 220372, 220489, 220555, 220651, 220750, 220855, 220894, 219050, 219104, 219158, 219194, 219239, 219296, 219320, 219431, 219494, 219554, 219632, 219707, 219767, 219863, 219929, 
1113AAF, 1113AAF1, 5, jmiller, 45
221052, 221097, 221130, 221163, 221208, 221244, 221286, 221334, 221382, 221427, 221502, 221547, 221634, 221673, 221727, 221787, 221850, 221898, 220072, 220132, 220177, 220228, 220306, 220393, 220468, 220558, 220645, 220735, 220834, 220909, 219071, 219110, 219152, 219206, 219242, 219287, 219329, 219413, 219467, 219533, 219608, 219701, 219791, 219854, 219926, 
1113AAF, 1113AAF2, 6, jmiller, 44
221064, 221103, 221136, 221178, 221217, 221256, 221295, 221346, 221400, 221457, 221508, 221607, 221646, 221679, 221736, 221802, 221859, 221928, 220099, 220138, 220207, 220252, 220339, 220414, 220477, 220570, 220675, 220747, 220864, 220927, 219083, 219131, 219161, 219227, 219266, 219305, 219353, 219434, 219482, 219560, 219668, 219731, 219815, 219887, 
1113AAF, 1113AAF3, 1, generic2, 45
221037, 221070, 221109, 221142, 221199, 221232, 221268, 221325, 221361, 221406, 221484, 221511, 221562, 221655, 221697, 221760, 221820, 221883, 220063, 220108, 220150, 220213, 220288, 220357, 220465, 220480, 220618, 220699, 220804, 220903, 219035, 219068, 219137, 219167, 219230, 219248, 219302, 219377, 219455, 219512, 219590, 219647, 219746, 219779, 219917, 
1113AAF, 1113AAF4, 3, generic2, 45
221040, 221082, 221121, 221157, 221193, 221235, 221271, 221313, 221370, 221418, 221475, 221538, 221619, 221670, 221715, 221778, 221829, 221889, 220060, 220120, 220168, 220222, 220276, 220366, 220441, 220534, 220633, 220711, 220840, 220885, 219038, 219074, 219149, 219191, 219212, 219275, 219332, 219383, 219461, 219527, 219605, 219665, 219740, 219896, 219911, 
1113AAF, 1113AAF5, 2, generic2, 44
221049, 221079, 221118, 221172, 221202, 221247, 221265, 221319, 221376, 221412, 221472, 221544, 221598, 221661, 221709, 221793, 221838, 221880, 220051, 220111, 220153, 220216, 220285, 220360, 220432, 220531, 220627, 220693, 220816, 220891, 219041, 219062, 219140, 219182, 219218, 219251, 219314, 219428, 219452, 219518, 219581, 219674, 219797, 219836, 
1113AAF, 1113AAF6, 0, generic2, 45
221034, 221076, 221088, 221148, 221169, 221229, 221262, 221289, 221358, 221391, 221442, 221532, 221571, 221649, 221703, 221742, 221805, 221886, 221931, 220102, 220156, 220195, 220270, 220351, 220429, 220525, 220612, 220690, 220801, 220876, 219044, 219098, 219116, 219176, 219215, 219263, 219284, 219389, 219437, 219503, 219602, 219662, 219773, 219824, 219908, 
1113AAF, 1113AAF7, 4, generic2, 45
221043, 221085, 221127, 221160, 221205, 221241, 221283, 221328, 221388, 221421, 221493, 221535, 221625, 221664, 221718, 221769, 221823, 221892, 220054, 220126, 220174, 220219, 220303, 220369, 220435, 220546, 220630, 220726, 220828, 220900, 219053, 219086, 219143, 219185, 219236, 219269, 219344, 219416, 219464, 219536, 219629, 219698, 219785, 219851, 219905, 
1113AAF, 1113AAF8, 7, generic2, 44
221061, 221112, 221145, 221190, 221238, 221277, 221307, 221337, 221451, 221466, 221526, 221583, 221658, 221691, 221763, 221814, 221871, 221907, 220078, 220144, 220192, 220249, 220354, 220420, 220510, 220585, 220663, 220789, 220882, 220930, 219059, 219119, 219170, 219197, 219245, 219299, 219341, 219443, 219497, 219557, 219641, 219713, 219776, 219893, 
1113AAF, 1113AAF9, 5, generic2, 44
221055, 221100, 221133, 221175, 221214, 221250, 221292, 221340, 221397, 221439, 221505, 221568, 221643, 221676, 221733, 221796, 221856, 221919, 220087, 220135, 220204, 220237, 220330, 220411, 220471, 220561, 220666, 220744, 220861, 220924, 219077, 219125, 219155, 219221, 219260, 219290, 219347, 219425, 219479, 219539, 219659, 219716, 219794, 219881, 
1113AAF, 1113AAF:, 6, generic2, 44
221067, 221115, 221139, 221181, 221220, 221259, 221298, 221355, 221403, 221460, 221514, 221616, 221652, 221682, 221748, 221808, 221868, 220039, 220105, 220147, 220210, 220258, 220345, 220417, 220486, 220573, 220678, 220783, 220873, 220936, 219092, 219134, 219164, 219233, 219278, 219323, 219380, 219446, 219491, 219563, 219683, 219737, 219821, 219890, 
1162DPPA, 1162DPPA0, 5, mpearson, 45
221058, 221094, 221154, 221184, 221220, 221256, 221304, 221349, 221436, 221490, 221550, 221586, 221646, 221700, 221745, 221790, 221823, 221871, 221916, 220075, 220108, 220156, 220201, 220261, 220345, 220408, 220489, 220588, 220699, 220807, 220870, 219035, 219083, 219128, 219164, 219203, 219251, 219302, 219371, 219416, 219482, 219572, 219611, 219743, 219848, 
1162DPPA, 1162DPPA1, 6, mpearson, 45
221064, 221136, 221166, 221196, 221247, 221280, 221310, 221400, 221454, 221496, 221577, 221598, 221667, 221721, 221766, 221811, 221838, 221883, 220039, 220084, 220120, 220189, 220225, 220297, 220363, 220441, 220543, 220600, 220720, 220819, 220885, 219056, 219095, 219134, 219173, 219218, 219263, 219311, 219380, 219431, 219497, 219581, 219656, 219749, 219872, 
1162DPPA, 1162DPPA2, 7, mpearson, 45
221052, 221100, 221130, 221172, 221214, 221268, 221286, 221388, 221430, 221511, 221532, 221589, 221673, 221694, 221751, 221787, 221841, 221892, 221922, 220060, 220126, 220159, 220228, 220294, 220360, 220468, 220546, 220576, 220735, 220792, 220876, 219044, 219089, 219122, 219155, 219206, 219269, 219344, 219398, 219437, 219485, 219590, 219644, 219779, 219896, 
1162DPPA, 1162DPPA3, 2, mcarlson, 46
221037, 221049, 221109, 221139, 221199, 221244, 221295, 221346, 221379, 221457, 221514, 221547, 221604, 221679, 221712, 221760, 221808, 221850, 221895, 220063, 220096, 220141, 220195, 220279, 220324, 220390, 220477, 220567, 220672, 220783, 220852, 220921, 219068, 219119, 219146, 219161, 219236, 219290, 219356, 219413, 219425, 219551, 219632, 219710, 219809, 219923, 
1162DPPA, 1162DPPA4, 1, mcarlson, 45
221046, 221085, 221127, 221169, 221208, 221235, 221262, 221319, 221376, 221478, 221505, 221574, 221607, 221682, 221736, 221769, 221802, 221865, 221913, 220057, 220093, 220138, 220177, 220255, 220306, 220378, 220462, 220564, 220654, 220768, 220843, 220918, 219077, 219107, 219152, 219188, 219233, 219284, 219353, 219404, 219476, 219566, 219602, 219716, 219842, 
1162DPPA, 1162DPPA5, 3, mcarlson, 46
221040, 221073, 221103, 221151, 221211, 221259, 221265, 221334, 221406, 221502, 221520, 221559, 221613, 221688, 221739, 221772, 221832, 221868, 221919, 220066, 220102, 220147, 220204, 220264, 220318, 220387, 220507, 220579, 220657, 220762, 220864, 220933, 219062, 219110, 219149, 219179, 219242, 219293, 219362, 219422, 219512, 219548, 219614, 219701, 219818, 219902, 
1162DPPA, 1162DPPA6, 4, mcarlson, 45
221043, 221079, 221115, 221175, 221217, 221250, 221298, 221343, 221421, 221484, 221529, 221583, 221616, 221691, 221730, 221775, 221826, 221877, 221925, 220051, 220114, 220144, 220210, 220285, 220342, 220405, 220486, 220582, 220708, 220771, 220873, 220936, 219074, 219113, 219158, 219200, 219254, 219317, 219377, 219428, 219464, 219569, 219635, 219728, 219836, 
1162DPPA, 1162DPPA7, 0, mcarlson, 45
221034, 221076, 221106, 221133, 221178, 221232, 221292, 221322, 221355, 221448, 221499, 221565, 221634, 221649, 221733, 221784, 221799, 221862, 221886, 220048, 220072, 220135, 220171, 220252, 220333, 220339, 220414, 220561, 220660, 220759, 220840, 220861, 219065, 219104, 219125, 219197, 219227, 219281, 219350, 219407, 219473, 219536, 219626, 219737, 219887, 
1162DPPA, 1162DPPA8, 5, mcarlson, 45
221061, 221112, 221160, 221187, 221226, 221277, 221307, 221361, 221445, 221493, 221556, 221595, 221658, 221706, 221757, 221793, 221835, 221880, 221928, 220081, 220111, 220186, 220216, 220270, 220348, 220423, 220522, 220591, 220705, 220810, 220879, 219053, 219092, 219131, 219170, 219209, 219257, 219305, 219374, 219419, 219491, 219575, 219650, 219746, 219863, 
1162DPPA, 1162DPPA9, 6, mcarlson, 45
221067, 221148, 221181, 221205, 221253, 221283, 221316, 221403, 221463, 221517, 221580, 221610, 221670, 221724, 221778, 221814, 221844, 221910, 220042, 220090, 220123, 220198, 220243, 220300, 220369, 220456, 220549, 220621, 220738, 220831, 220894, 219059, 219098, 219137, 219176, 219224, 219266, 219326, 219386, 219449, 219515, 219596, 219671, 219758, 219884, 
1162DPPA, 1162DPPA:, 7, mcarlson, 45
221070, 221118, 221163, 221193, 221223, 221271, 221325, 221409, 221466, 221523, 221562, 221592, 221676, 221703, 221754, 221817, 221847, 221904, 220045, 220087, 220129, 220162, 220246, 220303, 220384, 220498, 220552, 220636, 220741, 220798, 220891, 219047, 219101, 219143, 219182, 219221, 219272, 219347, 219401, 219461, 219530, 219593, 219695, 219782, 219899, 
2058AP, 2058AP0, 1, tesbensen, 5
219683, 219737, 219782, 219866, 219896, 
2058AP, 2058AP1, 2, tesbensen, 5
219731, 219773, 219815, 219857, 219908, 
2058AP, 2058AP2, 3, tesbensen, 4
219695, 219764, 219812, 219887, 
2058AP, 2058AP3, 0, tesbensen, 5
219671, 219743, 219785, 219824, 219890, 
2053, 20530, 4, tesbensen, 26
220675, 220693, 220726, 220750, 220771, 220792, 220816, 220855, 220873, 220888, 220927, 219320, 219344, 219380, 219398, 219416, 219446, 219458, 219500, 219509, 219533, 219563, 219575, 219599, 219623, 219662, 
2053, 20531, 7, tesbensen, 25
220690, 220717, 220744, 220762, 220786, 220807, 220834, 220849, 220885, 220909, 220936, 219317, 219353, 219368, 219407, 219425, 219449, 219467, 219488, 219524, 219545, 219566, 219596, 219620, 219656, 
2053, 20532, 5, tesbensen, 28
220684, 220708, 220723, 220765, 220783, 220810, 220825, 220852, 220879, 220894, 220921, 219308, 219332, 219347, 219356, 219395, 219428, 219461, 219485, 219497, 219539, 219551, 219569, 219581, 219590, 219632, 219635, 219650, 
2053, 20533, 6, tesbensen, 26
220687, 220714, 220738, 220753, 220780, 220804, 220828, 220843, 220870, 220900, 220924, 219311, 219338, 219359, 219383, 219422, 219434, 219464, 219482, 219518, 219536, 219560, 219587, 219617, 219638, 219659, 
2053, 20534, 3, mpotter, 26
220678, 220696, 220720, 220729, 220759, 220789, 220819, 220831, 220867, 220882, 220897, 220915, 219329, 219335, 219377, 219410, 219419, 219455, 219473, 219491, 219506, 219521, 219557, 219608, 219629, 219644, 
2053, 20535, 4, mpotter, 25
220681, 220705, 220732, 220756, 220774, 220801, 220822, 220861, 220876, 220891, 220930, 219323, 219362, 219386, 219413, 219431, 219452, 219470, 219503, 219515, 219542, 219572, 219593, 219611, 219653, 
2053, 20536, 2, mpotter, 26
220672, 220702, 220735, 220747, 220777, 220798, 220837, 220846, 220864, 220906, 220918, 219305, 219350, 219371, 219389, 219401, 219437, 219443, 219479, 219512, 219530, 219554, 219584, 219605, 219626, 219647, 
2053, 20537, 1, mpotter, 26
220669, 220699, 220711, 220741, 220768, 220795, 220813, 220840, 220858, 220903, 220912, 220933, 219326, 219365, 219374, 219392, 219404, 219440, 219476, 219494, 219527, 219548, 219578, 219602, 219614, 219641, 
1731, 17310, 5, jnuss, 30
220054, 220090, 220117, 220141, 220180, 220210, 220234, 220273, 220291, 220333, 220357, 220384, 220420, 220435, 220486, 220504, 220540, 220567, 220609, 220627, 220660, 220702, 220717, 220747, 220771, 220804, 220831, 220864, 220897, 220930, 
1731, 17311, 6, jnuss, 29
220057, 220081, 220126, 220150, 220177, 220195, 220228, 220264, 220294, 220324, 220351, 220390, 220408, 220450, 220468, 220510, 220525, 220561, 220591, 220624, 220654, 220690, 220708, 220756, 220789, 220807, 220834, 220867, 220891, 
1731, 17312, 4, gpenk, 30
220051, 220084, 220102, 220138, 220168, 220207, 220225, 220267, 220288, 220321, 220354, 220381, 220417, 220432, 220483, 220498, 220534, 220564, 220600, 220621, 220651, 220696, 220714, 220738, 220768, 220786, 220828, 220855, 220885, 220915, 
1731, 17313, 3, gpenk, 30
220039, 220075, 220114, 220135, 220165, 220204, 220231, 220255, 220297, 220318, 220345, 220375, 220411, 220444, 220471, 220501, 220528, 220558, 220588, 220615, 220648, 220678, 220687, 220732, 220753, 220801, 220819, 220861, 220888, 220924, 
1731, 17314, 0, gpenk, 30
220042, 220066, 220096, 220111, 220159, 220198, 220246, 220252, 220276, 220312, 220330, 220372, 220399, 220438, 220462, 220477, 220519, 220552, 220573, 220603, 220642, 220672, 220735, 220741, 220744, 220780, 220837, 220858, 220903, 220918, 
1731, 17315, 7, gpenk, 29
220063, 220093, 220132, 220156, 220192, 220213, 220261, 220282, 220306, 220348, 220366, 220396, 220426, 220459, 220495, 220516, 220546, 220582, 220597, 220636, 220669, 220699, 220726, 220762, 220795, 220816, 220846, 220879, 220912, 
1731, 17316, 5, gpenk, 30
220069, 220099, 220120, 220147, 220183, 220219, 220240, 220279, 220300, 220336, 220363, 220387, 220429, 220447, 220492, 220507, 220543, 220570, 220612, 220630, 220663, 220711, 220720, 220750, 220777, 220813, 220843, 220882, 220900, 220933, 
1731, 17317, 6, gpenk, 29
220060, 220087, 220129, 220153, 220186, 220201, 220249, 220270, 220303, 220327, 220360, 220393, 220423, 220453, 220480, 220513, 220537, 220576, 220594, 220633, 220657, 220693, 220723, 220759, 220792, 220810, 220840, 220876, 220906, 
1731, 17318, 2, gpenk, 32
220045, 220078, 220105, 220144, 220162, 220189, 220222, 220243, 220285, 220315, 220342, 220369, 220405, 220441, 220456, 220489, 220531, 220555, 220579, 220618, 220645, 220675, 220684, 220729, 220765, 220798, 220822, 220852, 220873, 220894, 220909, 220936, 
1731, 17319, 1, gpenk, 31
220048, 220072, 220108, 220123, 220171, 220174, 220216, 220237, 220258, 220309, 220339, 220378, 220402, 220414, 220465, 220474, 220522, 220549, 220585, 220606, 220639, 220666, 220681, 220705, 220774, 220783, 220825, 220849, 220870, 220921, 220927, 
2707, 27070, 5, bcovey, 30
221043, 221070, 221118, 221130, 221169, 221199, 221223, 221268, 221289, 221325, 221361, 221385, 221409, 221442, 221472, 221493, 221526, 221556, 221586, 221625, 221655, 221676, 221703, 221739, 221769, 221790, 221832, 221856, 221892, 221913, 
2707, 27071, 1, bcovey, 30
221037, 221073, 221121, 221145, 221166, 221196, 221241, 221253, 221283, 221310, 221331, 221367, 221403, 221433, 221463, 221496, 221520, 221553, 221580, 221610, 221640, 221670, 221691, 221730, 221766, 221811, 221817, 221847, 221883, 221910, 
2707, 27072, 2, bcovey, 30
221052, 221076, 221088, 221112, 221154, 221193, 221211, 221229, 221277, 221313, 221343, 221373, 221391, 221421, 221445, 221448, 221523, 221532, 221571, 221616, 221622, 221649, 221700, 221733, 221754, 221793, 221823, 221853, 221886, 221916, 
2707, 27073, 6, bcovey, 30
221049, 221082, 221103, 221151, 221160, 221184, 221220, 221265, 221295, 221316, 221346, 221376, 221406, 221439, 221475, 221505, 221538, 221559, 221592, 221607, 221646, 221679, 221715, 221745, 221760, 221796, 221826, 221859, 221880, 221925, 
2707, 27074, 7, bcovey, 29
221055, 221094, 221106, 221133, 221178, 221208, 221235, 221256, 221262, 221322, 221355, 221382, 221415, 221436, 221469, 221499, 221535, 221565, 221595, 221628, 221652, 221685, 221709, 221736, 221772, 221799, 221835, 221862, 221895, 
2707, 27075, 5, lwalker, 30
221046, 221079, 221124, 221142, 221172, 221202, 221232, 221271, 221304, 221334, 221364, 221388, 221427, 221451, 221481, 221502, 221529, 221562, 221589, 221631, 221661, 221694, 221712, 221742, 221775, 221805, 221841, 221871, 221901, 221919, 
2707, 27076, 6, lwalker, 30
221058, 221085, 221109, 221157, 221175, 221205, 221226, 221274, 221298, 221319, 221352, 221379, 221412, 221457, 221478, 221508, 221547, 221568, 221598, 221619, 221658, 221682, 221721, 221751, 221778, 221802, 221829, 221865, 221889, 221928, 
2707, 27077, 0, lwalker, 31
221034, 221067, 221091, 221136, 221148, 221190, 221238, 221247, 221280, 221301, 221328, 221337, 221400, 221424, 221460, 221487, 221517, 221541, 221577, 221601, 221637, 221664, 221688, 221724, 221763, 221781, 221814, 221838, 221874, 221907, 221931, 
2707, 27078, 7, lwalker, 29
221064, 221097, 221115, 221139, 221181, 221217, 221244, 221259, 221292, 221340, 221358, 221394, 221418, 221454, 221484, 221514, 221544, 221574, 221604, 221634, 221667, 221706, 221718, 221748, 221784, 221808, 221844, 221868, 221898, 
2707, 27079, 4, lwalker, 31
221040, 221061, 221100, 221127, 221163, 221187, 221214, 221250, 221286, 221307, 221349, 221370, 221397, 221430, 221466, 221490, 221511, 221550, 221583, 221613, 221643, 221673, 221697, 221727, 221757, 221787, 221820, 221850, 221877, 221904, 221922, 
1401, 14010, 5, jhockett, 21
220063, 220117, 220159, 220204, 220246, 220288, 220321, 220375, 220411, 220459, 220498, 220522, 220555, 220612, 220642, 220696, 220726, 220768, 220813, 220852, 220921, 
1401, 14011, 6, jhockett, 21
220066, 220081, 220141, 220165, 220186, 220264, 220294, 220327, 220345, 220399, 220438, 220468, 220507, 220543, 220567, 220624, 220735, 220747, 220810, 220864, 220906, 
1401, 14012, 4, jhockett, 21
220051, 220096, 220144, 220180, 220219, 220282, 220315, 220366, 220396, 220432, 220483, 220516, 220546, 220603, 220636, 220669, 220711, 220750, 220798, 220846, 220912, 
1401, 14013, 3, jhockett, 21
220048, 220093, 220135, 220171, 220216, 220273, 220309, 220348, 220387, 220426, 220471, 220504, 220540, 220597, 220630, 220663, 220702, 220732, 220795, 220822, 220897, 
1401, 14014, 0, jhockett, 21
220039, 220084, 220114, 220129, 220168, 220207, 220243, 220303, 220369, 220390, 220441, 220453, 220513, 220573, 220585, 220633, 220675, 220738, 220759, 220789, 220855, 
1401, 14015, 7, jhockett, 21
220075, 220111, 220153, 220183, 220255, 220276, 220312, 220339, 220393, 220429, 220462, 220492, 220528, 220561, 220615, 220690, 220744, 220780, 220840, 220903, 220933, 
1401, 14016, 2, jhockett, 21
220045, 220105, 220126, 220150, 220198, 220225, 220267, 220354, 220381, 220417, 220450, 220510, 220549, 220582, 220621, 220651, 220714, 220756, 220786, 220828, 220888, 
1401, 14017, 1, jhockett, 21
220042, 220102, 220123, 220138, 220189, 220222, 220249, 220342, 220378, 220402, 220444, 220456, 220534, 220579, 220600, 220648, 220678, 220753, 220774, 220819, 220885, 
1401, 14018, 5, dwells, 21
220078, 220132, 220162, 220213, 220261, 220306, 220336, 220384, 220420, 220465, 220501, 220531, 220564, 220618, 220645, 220699, 220729, 220771, 220816, 220858, 220930, 
1401, 14019, 6, dwells, 21
220069, 220087, 220147, 220177, 220252, 220270, 220297, 220330, 220351, 220408, 220447, 220477, 220525, 220558, 220609, 220657, 220741, 220777, 220837, 220879, 220918, 
1401, 1401:, 4, dwells, 21
220054, 220108, 220156, 220192, 220234, 220285, 220318, 220372, 220405, 220435, 220495, 220519, 220552, 220606, 220639, 220672, 220717, 220762, 220801, 220849, 220915, 
0842CE, 0842CE0, 5, kdiamond, 19
221061, 221127, 221184, 221226, 221271, 221307, 221352, 221406, 221451, 221502, 221526, 221565, 221634, 221676, 221724, 221784, 221826, 221868, 221922, 
0842CE, 0842CE1, 2, kdiamond, 19
221064, 221136, 221190, 221241, 221283, 221328, 221370, 221424, 221466, 221517, 221541, 221583, 221616, 221667, 221718, 221763, 221814, 221853, 221907, 
0842CE, 0842CE2, 1, kdiamond, 19
221037, 221076, 221166, 221217, 221274, 221313, 221343, 221400, 221460, 221487, 221535, 221577, 221610, 221640, 221691, 221736, 221781, 221844, 221883, 
0842CE, 0842CE3, 7, kdiamond, 31
221058, 221088, 221118, 221154, 221172, 221211, 221229, 221265, 221286, 221346, 221379, 221391, 221418, 221439, 221445, 221469, 221514, 221571, 221592, 221643, 221685, 221706, 221733, 221745, 221754, 221793, 221808, 221829, 221859, 221892, 221919, 
0842CE, 0842CE4, 6, kdiamond, 31
221052, 221082, 221112, 221130, 221163, 221193, 221223, 221256, 221277, 221298, 221358, 221388, 221412, 221421, 221442, 221448, 221490, 221532, 221586, 221622, 221649, 221700, 221709, 221742, 221751, 221772, 221796, 221823, 221832, 221886, 221916, 
0842CE, 0842CE5, 0, kdiamond, 20
221034, 221073, 221148, 221205, 221253, 221310, 221337, 221394, 221454, 221484, 221523, 221553, 221601, 221637, 221688, 221730, 221778, 221838, 221874, 221931, 
0842CE, 0842CE6, 4, kdiamond, 19
221055, 221106, 221178, 221214, 221268, 221304, 221349, 221382, 221436, 221499, 221511, 221562, 221619, 221673, 221703, 221757, 221805, 221862, 221901, 
0842CE, 0842CE7, 3, kdiamond, 19
221046, 221094, 221151, 221208, 221259, 221292, 221325, 221364, 221415, 221493, 221508, 221550, 221595, 221652, 221694, 221739, 221802, 221856, 221898, 
0842CE, 0842CE8, 5, khigbee, 19
221091, 221133, 221187, 221232, 221289, 221322, 221355, 221409, 221478, 221505, 221529, 221589, 221646, 221682, 221727, 221799, 221835, 221871, 221925, 
0842CE, 0842CE9, 2, khigbee, 19
221067, 221145, 221196, 221247, 221301, 221331, 221373, 221433, 221475, 221520, 221544, 221598, 221628, 221670, 221721, 221766, 221817, 221865, 221910, 
0842CE, 0842CE:, 1, khigbee, 19
221040, 221121, 221181, 221238, 221280, 221316, 221367, 221403, 221463, 221496, 221538, 221580, 221613, 221664, 221697, 221748, 221811, 221847, 221889, 
2301, 23010, 2, dwells, 26
221037, 221064, 221121, 221145, 221181, 221205, 221253, 221280, 221310, 221328, 221394, 221424, 221460, 221475, 221520, 221538, 221598, 221628, 221667, 221718, 221763, 221778, 221838, 221853, 221883, 221931, 
2301, 23011, 1, dwells, 24
221055, 221106, 221166, 221208, 221232, 221271, 221307, 221349, 221382, 221436, 221487, 221502, 221526, 221565, 221595, 221634, 221673, 221691, 221727, 221757, 221805, 221856, 221874, 221922, 
2301, 23012, 7, dwells, 25
221070, 221097, 221118, 221169, 221199, 221211, 221244, 221313, 221340, 221367, 221385, 221430, 221481, 221523, 221544, 221604, 221625, 221643, 221697, 221712, 221781, 221817, 221841, 221892, 221913, 
2301, 23013, 0, dwells, 24
221034, 221091, 221133, 221184, 221217, 221259, 221292, 221325, 221355, 221409, 221454, 221496, 221508, 221550, 221580, 221610, 221652, 221682, 221703, 221739, 221799, 221826, 221868, 221898, 
2301, 23014, 3, dwells, 44
221052, 221058, 221082, 221088, 221112, 221130, 221154, 221163, 221193, 221223, 221229, 221256, 221265, 221277, 221346, 221358, 221379, 221388, 221418, 221421, 221439, 221442, 221445, 221448, 221469, 221514, 221532, 221571, 221592, 221622, 221649, 221685, 221700, 221709, 221733, 221742, 221745, 221751, 221772, 221793, 221808, 221829, 221832, 221859, 
2301, 23015, 2, jschmidt, 25
221040, 221067, 221136, 221148, 221190, 221241, 221274, 221301, 221316, 221331, 221400, 221433, 221463, 221517, 221535, 221583, 221616, 221637, 221670, 221721, 221766, 221814, 221844, 221865, 221907, 
2301, 23016, 5, jschmidt, 26
221043, 221076, 221085, 221142, 221175, 221220, 221250, 221295, 221319, 221373, 221397, 221412, 221457, 221490, 221553, 221559, 221586, 221640, 221679, 221730, 221769, 221790, 221823, 221877, 221886, 221916, 
2301, 23017, 1, jschmidt, 24
221061, 221127, 221178, 221214, 221238, 221289, 221322, 221352, 221406, 221451, 221493, 221505, 221529, 221577, 221601, 221646, 221676, 221694, 221736, 221784, 221811, 221862, 221889, 221925, 
2301, 23018, 7, jschmidt, 25
221073, 221100, 221124, 221172, 221202, 221235, 221286, 221334, 221361, 221370, 221391, 221466, 221484, 221541, 221574, 221613, 221631, 221661, 221706, 221754, 221787, 221820, 221847, 221904, 221919, 
2301, 23019, 6, jschmidt, 26
221049, 221079, 221103, 221157, 221196, 221247, 221283, 221298, 221343, 221376, 221403, 221427, 221472, 221547, 221556, 221568, 221607, 221655, 221715, 221760, 221775, 221796, 221850, 221880, 221910, 221928, 
2301, 2301:, 0, jschmidt, 24
221046, 221094, 221151, 221187, 221226, 221268, 221304, 221337, 221364, 221415, 221478, 221499, 221511, 221562, 221589, 221619, 221664, 221688, 221724, 221748, 221802, 221835, 221871, 221901, 
1001, 10010, 5, kanderson, 23
221046, 221094, 221151, 221187, 221226, 221271, 221307, 221349, 221382, 221436, 221487, 221502, 221526, 221565, 221595, 221634, 221673, 221694, 221739, 221802, 221835, 221871, 221901, 
1001, 10011, 7, kanderson, 25
221043, 221076, 221085, 221142, 221175, 221250, 221295, 221319, 221373, 221397, 221427, 221472, 221547, 221556, 221568, 221607, 221640, 221679, 221730, 221769, 221790, 221823, 221877, 221886, 221928, 
1001, 10012, 6, kanderson, 23
221061, 221127, 221178, 221214, 221259, 221292, 221325, 221355, 221409, 221454, 221496, 221508, 221550, 221580, 221610, 221652, 221682, 221724, 221784, 221811, 221862, 221889, 221925, 
1001, 10013, 4, kanderson, 24
221040, 221073, 221145, 221190, 221238, 221253, 221301, 221316, 221367, 221400, 221433, 221466, 221517, 221535, 221544, 221613, 221667, 221697, 221736, 221766, 221814, 221844, 221865, 221910, 
1001, 10014, 7, khigbee, 24
221049, 221079, 221103, 221157, 221220, 221283, 221298, 221343, 221376, 221412, 221457, 221490, 221553, 221559, 221586, 221637, 221655, 221715, 221760, 221775, 221796, 221850, 221880, 221916, 
1001, 10015, 6, khigbee, 22
221091, 221133, 221184, 221217, 221268, 221304, 221337, 221364, 221415, 221478, 221499, 221511, 221562, 221589, 221619, 221664, 221688, 221727, 221799, 221826, 221868, 221898, 
1001, 10016, 0, khigbee, 28
221034, 221058, 221088, 221118, 221154, 221172, 221211, 221229, 221265, 221286, 221358, 221388, 221418, 221439, 221445, 221469, 221532, 221592, 221643, 221685, 221706, 221733, 221745, 221754, 221793, 221829, 221859, 221919, 
1001, 10017, 3, khigbee, 24
221037, 221067, 221136, 221181, 221205, 221247, 221280, 221313, 221331, 221394, 221424, 221463, 221484, 221523, 221541, 221598, 221628, 221691, 221721, 221763, 221781, 221838, 221853, 221907, 
1001, 10018, 4, khigbee, 24
221064, 221121, 221148, 221196, 221241, 221274, 221310, 221328, 221370, 221403, 221460, 221475, 221520, 221538, 221583, 221616, 221670, 221718, 221748, 221778, 221817, 221847, 221883, 221931, 
1001, 10019, 1, rmaack, 27
221052, 221082, 221112, 221130, 221163, 221193, 221223, 221256, 221277, 221346, 221379, 221391, 221421, 221442, 221448, 221514, 221571, 221622, 221649, 221700, 221709, 221742, 221751, 221772, 221808, 221832, 221892, 
1001, 1001:, 5, rmaack, 23
221055, 221106, 221166, 221208, 221232, 221289, 221322, 221352, 221406, 221451, 221493, 221505, 221529, 221577, 221601, 221646, 221676, 221703, 221757, 221805, 221856, 221874, 221922, 
2031CC, 2031CC0, 7, jcho, 9
221040, 221067, 221121, 221145, 221190, 221217, 221247, 221280, 221301, 
2031CC, 2031CC1, 1, jcho, 8
221034, 221046, 221082, 221127, 221148, 221196, 221241, 221253, 
2031CC, 2031CC2, 5, jcho, 12
221058, 221088, 221091, 221118, 221154, 221172, 221211, 221229, 221259, 221265, 221286, 221298, 
2031CC, 2031CC3, 6, jcho, 9
221037, 221064, 221073, 221136, 221181, 221205, 221238, 221274, 221283, 
3034CC, 3034CC0, 0, jcho, 18
221304, 221349, 221406, 221475, 221496, 221508, 221610, 221646, 220048, 220072, 220096, 220120, 220141, 220174, 220204, 220219, 220240, 220264, 
3034CC, 3034CC1, 3, jcho, 17
221313, 221337, 221370, 221454, 221484, 221523, 221541, 221598, 221637, 220102, 220123, 220144, 220168, 220207, 220243, 220267, 220303, 
3034CC, 3034CC2, 2, jcho, 17
221316, 221403, 221460, 221493, 221505, 221580, 221619, 220042, 220066, 220084, 220108, 220138, 220165, 220198, 220216, 220237, 220258, 
3034CC, 3034CC3, 4, jcho, 16
221328, 221343, 221394, 221463, 221517, 221535, 221544, 221613, 220045, 220105, 220126, 220150, 220189, 220222, 220249, 220282, 
3034CC, 3034CC4, 7, nnohner, 20
221334, 221361, 221385, 221397, 221451, 221526, 221553, 221574, 221625, 221634, 221643, 220063, 220093, 220132, 220159, 220171, 220213, 220246, 220285, 220306, 
3034CC, 3034CC5, 5, nnohner, 16
221331, 221367, 221424, 221466, 221520, 221538, 221583, 221628, 220051, 220114, 220129, 220153, 220192, 220225, 220255, 220297, 
3034CC, 3034CC6, 6, nnohner, 20
221307, 221340, 221373, 221391, 221430, 221481, 221529, 221565, 221604, 221631, 221640, 221661, 220078, 220117, 220156, 220162, 220180, 220234, 220261, 220288, 
3034CC, 3034CC7, 1, nnohner, 18
221310, 221400, 221433, 221487, 221502, 221577, 221616, 220039, 220054, 220081, 220099, 220135, 220147, 220177, 220210, 220231, 220252, 220273, 
1003, 10030, 2, rmaack, 18
219050, 219086, 219110, 219137, 219164, 219197, 219227, 219263, 219281, 219329, 219347, 219407, 219446, 219473, 219503, 219533, 219587, 219641, 
1003, 10031, 3, rmaack, 25
219044, 219059, 219101, 219134, 219173, 219182, 219239, 219257, 219287, 219296, 219320, 219344, 219362, 219386, 219398, 219437, 219458, 219500, 219515, 219530, 219572, 219584, 219599, 219620, 219653, 
1003, 10032, 4, rmaack, 25
219053, 219089, 219113, 219140, 219176, 219191, 219245, 219260, 219293, 219299, 219323, 219350, 219380, 219389, 219416, 219452, 219470, 219509, 219524, 219563, 219575, 219593, 219611, 219623, 219656, 
1003, 10033, 7, rmaack, 24
219068, 219095, 219119, 219152, 219167, 219206, 219224, 219236, 219254, 219305, 219341, 219359, 219374, 219413, 219431, 219449, 219479, 219485, 219545, 219554, 219569, 219596, 219626, 219635, 
1003, 10034, 0, rmaack, 19
219035, 219071, 219098, 219122, 219155, 219185, 219209, 219242, 219269, 219302, 219335, 219368, 219419, 219461, 219491, 219521, 219539, 219629, 219662, 
1003, 10035, 6, rmaack, 25
219041, 219083, 219107, 219146, 219161, 219203, 219221, 219230, 219251, 219290, 219314, 219356, 219371, 219395, 219425, 219440, 219464, 219482, 219542, 219551, 219560, 219590, 219602, 219632, 219647, 
1003, 10036, 2, jrishel, 18
219065, 219092, 219116, 219143, 219170, 219200, 219233, 219266, 219284, 219332, 219353, 219410, 219455, 219476, 219506, 219536, 219608, 219644, 
1003, 10037, 1, jrishel, 18
219047, 219080, 219104, 219125, 219158, 219194, 219215, 219248, 219278, 219308, 219338, 219377, 219434, 219467, 219497, 219527, 219557, 219638, 
1002, 10020, 5, jrishel, 24
220051, 220108, 220159, 220213, 220273, 220309, 220336, 220372, 220396, 220426, 220465, 220498, 220519, 220546, 220582, 220612, 220639, 220672, 220717, 220750, 220795, 220822, 220897, 220930, 
1002, 10021, 4, jrishel, 24
220045, 220093, 220135, 220192, 220219, 220285, 220318, 220354, 220384, 220411, 220435, 220483, 220504, 220531, 220555, 220603, 220630, 220663, 220702, 220729, 220768, 220801, 220849, 220912, 
1002, 10022, 6, jrishel, 24
220057, 220090, 220126, 220156, 220195, 220240, 220279, 220300, 220333, 220360, 220399, 220438, 220477, 220489, 220537, 220585, 220624, 220654, 220681, 220723, 220783, 220807, 220834, 220927, 
1002, 10023, 3, jrishel, 25
220066, 220075, 220081, 220117, 220153, 220177, 220186, 220255, 220270, 220294, 220327, 220345, 220393, 220447, 220507, 220528, 220561, 220645, 220690, 220735, 220777, 220810, 220840, 220864, 220918, 
1002, 10024, 0, jrishel, 25
220039, 220084, 220105, 220150, 220168, 220198, 220222, 220267, 220342, 220378, 220402, 220441, 220450, 220462, 220534, 220573, 220600, 220633, 220675, 220738, 220753, 220759, 220819, 220855, 220888, 
1002, 10025, 7, jrishel, 23
220072, 220111, 220141, 220180, 220237, 220258, 220291, 220324, 220357, 220390, 220414, 220474, 220486, 220513, 220567, 220609, 220651, 220666, 220714, 220774, 220804, 220828, 220921, 
1002, 10026, 5, jsuehiro, 24
220054, 220132, 220171, 220216, 220282, 220315, 220348, 220375, 220405, 220432, 220471, 220501, 220522, 220552, 220597, 220618, 220642, 220696, 220726, 220762, 220798, 220846, 220903, 220933, 
1002, 10027, 4, jsuehiro, 24
220048, 220096, 220144, 220204, 220246, 220306, 220321, 220366, 220387, 220420, 220459, 220495, 220516, 220540, 220564, 220606, 220636, 220669, 220711, 220732, 220771, 220816, 220852, 220915, 
1002, 10028, 6, jsuehiro, 23
220063, 220099, 220138, 220174, 220201, 220249, 220288, 220312, 220339, 220363, 220408, 220453, 220480, 220492, 220543, 220594, 220627, 220660, 220705, 220747, 220786, 220825, 220870, 
1002, 10029, 3, jsuehiro, 24
220069, 220078, 220087, 220147, 220162, 220183, 220252, 220264, 220276, 220297, 220330, 220351, 220429, 220468, 220525, 220558, 220615, 220657, 220699, 220744, 220780, 220813, 220858, 220879, 
1002, 1002:, 0, jsuehiro, 25
220042, 220102, 220123, 220165, 220189, 220207, 220243, 220303, 220369, 220381, 220417, 220444, 220456, 220510, 220549, 220579, 220621, 220648, 220678, 220741, 220756, 220789, 220837, 220885, 220906, 
2041, 20410, 4, nnohner, 24
221679, 221712, 221742, 221781, 221829, 221868, 221898, 220339, 220393, 220429, 220462, 220492, 220558, 220579, 220624, 220657, 219056, 219071, 219116, 219167, 219188, 219215, 219263, 219302, 
2041, 20411, 0, nnohner, 24
221670, 221724, 221778, 221826, 221856, 221910, 220309, 220330, 220363, 220378, 220417, 220501, 220519, 220534, 220549, 220600, 220639, 220660, 219107, 219137, 219164, 219227, 219260, 219293, 
2041, 20412, 3, nnohner, 28
221664, 221718, 221736, 221748, 221814, 221844, 221907, 221931, 220366, 220390, 220450, 220456, 220510, 220513, 220585, 220621, 220636, 219050, 219065, 219080, 219119, 219140, 219143, 219173, 219176, 219197, 219269, 219281, 
2041, 20413, 7, mpotter, 23
221691, 221766, 221796, 221841, 221877, 221904, 220324, 220357, 220405, 220447, 220483, 220504, 220555, 220588, 220627, 219041, 219083, 219110, 219146, 219194, 219224, 219245, 219290, 
2041, 20414, 5, mpotter, 23
221694, 221721, 221763, 221808, 221838, 221886, 221919, 220351, 220402, 220441, 220471, 220528, 220567, 220612, 220642, 219038, 219062, 219098, 219149, 219179, 219209, 219251, 219278, 
2041, 20415, 0, mpotter, 23
221682, 221727, 221802, 221853, 221883, 221925, 220315, 220342, 220369, 220381, 220453, 220507, 220522, 220540, 220594, 220603, 220648, 219053, 219125, 219161, 219185, 219233, 219266, 
2041, 20416, 6, mpotter, 24
221667, 221751, 221787, 221820, 221850, 221889, 220318, 220348, 220384, 220423, 220465, 220489, 220531, 220570, 220597, 220654, 219074, 219095, 219128, 219158, 219218, 219236, 219254, 219299, 
2041, 20417, 7, jwinicki, 23
221697, 221775, 221817, 221847, 221880, 221928, 220327, 220360, 220411, 220459, 220486, 220516, 220564, 220591, 220651, 219047, 219086, 219113, 219152, 219200, 219230, 219248, 219296, 
2041, 20418, 5, jwinicki, 23
221709, 221739, 221772, 221811, 221859, 221895, 220312, 220375, 220408, 220444, 220477, 220543, 220573, 220615, 220645, 219044, 219068, 219104, 219155, 219182, 219212, 219257, 219287, 
2041, 20419, 4, jwinicki, 23
221688, 221715, 221754, 221784, 221835, 221871, 221913, 220345, 220399, 220438, 220468, 220525, 220561, 220609, 220633, 219035, 219059, 219092, 219134, 219170, 219203, 219242, 219272, 
2041, 2041:, 6, jwinicki, 23
221676, 221760, 221790, 221832, 221865, 221892, 220321, 220354, 220387, 220426, 220480, 220495, 220546, 220582, 220618, 220663, 219077, 219101, 219131, 219191, 219221, 219239, 219275, 
0833, 08330, 4, jschmidt, 33
221091, 221139, 221199, 221220, 221280, 221331, 221415, 221472, 221568, 221622, 221652, 220141, 220177, 220264, 220297, 220444, 220567, 219038, 219098, 219149, 219209, 219230, 219290, 219374, 219422, 219461, 219518, 219554, 219620, 219740, 219803, 219842, 219908, 
0833, 08331, 3, jschmidt, 33
221049, 221130, 221157, 221208, 221235, 221322, 221346, 221424, 221502, 221601, 221637, 220078, 220153, 220186, 220276, 220402, 220507, 220615, 219068, 219110, 219161, 219218, 219257, 219365, 219401, 219443, 219488, 219530, 219614, 219722, 219770, 219818, 219878, 
0833, 08332, 1, sscott, 36
221046, 221106, 221127, 221178, 221226, 221307, 221364, 221409, 221454, 221550, 221595, 220054, 220114, 220123, 220231, 220246, 220261, 220372, 220411, 220483, 220513, 220558, 219047, 219080, 219176, 219215, 219242, 219245, 219269, 219377, 219419, 219467, 219491, 219521, 219629, 219764, 
0833, 08333, 2, sscott, 42
221037, 221082, 221148, 221196, 221241, 221253, 221403, 221433, 221496, 221577, 221619, 220081, 220120, 220198, 220210, 220267, 220309, 220315, 220423, 220519, 220540, 220570, 220657, 219056, 219128, 219131, 219191, 219260, 219293, 219329, 219380, 219383, 219410, 219470, 219536, 219587, 219608, 219659, 219698, 219719, 219872, 219884, 
0833, 08334, 7, sscott, 42
221040, 221100, 221187, 221232, 221289, 221367, 221370, 221487, 221526, 221613, 220048, 220102, 220132, 220144, 220216, 220273, 220282, 220306, 220459, 220504, 220516, 220603, 219071, 219086, 219113, 219116, 219140, 219143, 219170, 219272, 219296, 219332, 219347, 219473, 219506, 219566, 219623, 219686, 219713, 219752, 219788, 219914, 
0833, 08335, 4, sscott, 33
221094, 221151, 221202, 221223, 221295, 221340, 221418, 221478, 221571, 221634, 221658, 220147, 220183, 220270, 220375, 220447, 220573, 219062, 219107, 219155, 219212, 219251, 219353, 219392, 219437, 219476, 219527, 219602, 219683, 219743, 219815, 219857, 219926, 
0833, 08336, 3, sscott, 33
221088, 221136, 221172, 221211, 221277, 221325, 221391, 221442, 221541, 221610, 221649, 220087, 220165, 220252, 220294, 220441, 220543, 220645, 219077, 219125, 219194, 219227, 219287, 219371, 219404, 219455, 219494, 219548, 219617, 219737, 219773, 219833, 219881, 
0833, 08337, 6, sscott, 29
221061, 221097, 221145, 221190, 221268, 221328, 221457, 221505, 221574, 221646, 220099, 220156, 220240, 220291, 220357, 220474, 220522, 220651, 219083, 219122, 219200, 219248, 219299, 219356, 219395, 219482, 219545, 219677, 219899, 
0833, 08338, 5, sscott, 30
221043, 221076, 221124, 221175, 221238, 221301, 221382, 221481, 221553, 221616, 221661, 220126, 220189, 220258, 220321, 220399, 220492, 220624, 219041, 219092, 219167, 219224, 219266, 219314, 219368, 219431, 219533, 219569, 219767, 219923, 
0833, 08339, 0, sscott, 40
221058, 221118, 221154, 221205, 221229, 221298, 221358, 221373, 221508, 221544, 221586, 220060, 220084, 220168, 220219, 220225, 220234, 220303, 220318, 220354, 220429, 220450, 220525, 220663, 219050, 219101, 219119, 219173, 219239, 219263, 219281, 219386, 219398, 219458, 219524, 219572, 219599, 219611, 219653, 219656, 
0833, 0833:, 6, apark, 29
221064, 221115, 221166, 221217, 221274, 221349, 221460, 221547, 221589, 221655, 220108, 220180, 220249, 220300, 220384, 220477, 220618, 219035, 219089, 219137, 219203, 219254, 219302, 219359, 219413, 219497, 219551, 219728, 219917, 
0833, 0833;, 5, apark, 29
221055, 221085, 221142, 221184, 221250, 221310, 221430, 221499, 221565, 221625, 220096, 220138, 220213, 220288, 220336, 220453, 220495, 220627, 219053, 219095, 219185, 219236, 219284, 219338, 219389, 219479, 219542, 219635, 219875, 
